%{
[ [0 1 1 -1];[1 0 1 -1];[1 1 0 -1]; [-1 -1 -1 0]] * [1;1;1;1] %0

[ [0 1 1 -1];[1 0 1 -1];[1 1 0 -1]; [-1 -1 -1 0]] * [1;1;1;-1] % 1

[ [0 1 1 -1];[1 0 1 -1];[1 1 0 -1]; [-1 -1 -1 0]] * [1;1;-1;1] % 2

[ [0 1 1 -1];[1 0 1 -1];[1 1 0 -1]; [-1 -1 -1 0]] * [1;1;-1;-1] % 3

[ [0 1 1 -1];[1 0 1 -1];[1 1 0 -1]; [-1 -1 -1 0]] * [1;-1;1;1] %4

[ [0 1 1 -1];[1 0 1 -1];[1 1 0 -1]; [-1 -1 -1 0]] * [1;-1;1;-1]%5

[ [0 1 1 -1];[1 0 1 -1];[1 1 0 -1]; [-1 -1 -1 0]] * [1;-1;-1;1]%6

[ [0 1 1 -1];[1 0 1 -1];[1 1 0 -1]; [-1 -1 -1 0]] * [1;-1;-1;-1]%7

[ [0 1 1 -1];[1 0 1 -1];[1 1 0 -1]; [-1 -1 -1 0]] * [-1;1;1;1]%8

[ [0 1 1 -1];[1 0 1 -1];[1 1 0 -1]; [-1 -1 -1 0]] * [-1;1;1;-1]%9

[ [0 1 1 -1];[1 0 1 -1];[1 1 0 -1]; [-1 -1 -1 0]] * [-1;1;-1;1]%10

[ [0 1 1 -1];[1 0 1 -1];[1 1 0 -1]; [-1 -1 -1 0]] * [-1;1;-1;-1]%11
 
[ [0 1 1 -1];[1 0 1 -1];[1 1 0 -1]; [-1 -1 -1 0]] * [-1;-1;1;1] %12

[ [0 1 1 -1];[1 0 1 -1];[1 1 0 -1]; [-1 -1 -1 0]] * [-1;-1;1;-1]%13

[ [0 1 1 -1];[1 0 1 -1];[1 1 0 -1]; [-1 -1 -1 0]] * [-1;-1;-1;1]%14

[ [0 1 1 -1];[1 0 1 -1];[1 1 0 -1]; [-1 -1 -1 0]] * [-1;-1;-1;-1]%15

%}


%Homework-4

A = [ [0 -2]; 
  [0 2];
  [2 0];
  [0 2];
  [0 -2];
  [-2 0];
  [0 2];
  [-2 0];
  [-2 0];
  [0 2];
  [0 -2];
  [-2 0];
  [-2 0];
  [2 0];
  [0 2] 
] * [ 1;1 ];

B = [-1 1 -1 1 -1 1 1 1 1 1 -1 1 1 -1 1] * A;

C = [ [0 -2]; 
  [0 2];
  [2 0];
  [0 2];
  [0 -2];
  [-2 0];
  [0 2];
  [-2 0];
  [-2 0];
  [0 2];
  [0 -2];
  [-2 0];
  [-2 0];
  [2 0];
  [0 2] 
] * [-1;1];

D = [-1 1 1 1 -1 -1 1 -1 -1 1 -1 -1 -1 1 1] * C;

E = (B+D)/2;

x = -2*pi:0.01:2*pi;









